$ANSIBLE_VAULT;1.1;AES256
32303338393666383262343664656266326163663935663936323365316539393266613337393933
3630396636333737363139373963326339323836316638330a626166313963616137393133333231
65326337363339313830343638363830353163346331316433363462643839623734343537613563
3562666333346639330a323765373536366264613863633135356331653564633337313032383832
35366465616164333061653235616662343737613437353833343936373462666334303366303564
63376235363162643035373666353964653664343664303939376330333864393162383565646235
36396637306239633135323366353634623965623365313531306634393264333037383762326165
32343863316530623332346639303264346437643034663566653036633134396538646439333663
34636534303532343563656262303830356137386636633635386131633530333832646638316337
36326164376637353834646164363066396363643466303661636663633031663739326661396334
32346234646130663231343234343166343033383030613265313038383938323431653764626263
66383138633232666563666362313961363932626130613566643038356634336363353431336135
32343934383161613339663837663833616338653434373766653932386166376235633637396562
66306265376130653562393234326431373761366539643932303737643539393130353939373435
37653535353035353436663862303334306562323236366234346333393566363232323839306433
32393862386565313231373735383664356133663235656366626233633561376136316436393537
38306166303532383563656335633835633132373834333130333832373631333735363131366337
64663735333035616665626333363136633666316535323039666666363636633365623536383030
34626266393330376365643638323136623065623637363662383538356237623933633363653237
65343738393834613565376432613562386131656464616662623336303963353833643737356265
36623330306331666130376464353563366135616131616264343462393166636365663030613736
61613533326636326661616239633665383261393837326533343038616537303263323237363730
31306536346232363164623665396532396530356234633034653331396263343834393034376633
33336163346562636166303364653063393032306662336132663864303466333263323938346566
37653531393363313663356662353132333164626635636433663939663165313364
